stock_change
2.1399999999999864
-3.240000000000009
-3.240000000000009
-2.4599999999999795
-11.100000000000025
3.009999999999991
-2.8600000000000136
0.4200000000000159
-0.6000000000000227
2.7800000000000296
-2.4599999999999795
-0.6000000000000227
-0.6700000000000159
3.9099999999999686
-11.100000000000025
2.7800000000000296
0.9400000000000546
-3.240000000000009
2.1399999999999864
-0.7700000000000387
-11.389999999999983
0.9400000000000546
1.920000000000016
3.9099999999999686
-11.100000000000025
3.9099999999999686
-0.7700000000000387
1.920000000000016
-3.240000000000009
3.9099999999999686
6.379999999999996
0.9400000000000546
-0.7700000000000387
-2.4599999999999795
0.9400000000000546
-2.4599999999999795
-11.389999999999983
-11.100000000000025
-2.5499999999999545
0.9400000000000546
-2.8600000000000136
-3.240000000000009
6.379999999999996
-4.399999999999976
-11.100000000000025
3.9099999999999686
2.159999999999968
-0.7700000000000387
6.379999999999996
7.389999999999987
-2.4599999999999795
0.9400000000000546
2.1399999999999864
-0.7700000000000387
-11.389999999999983
3.9099999999999686
-2.4599999999999795
3.9099999999999686
2.7800000000000296
-3.240000000000009
-2.5499999999999545
-2.8600000000000136
-11.100000000000025
3.9099999999999686
6.379999999999996
-0.5399999999999636
-11.100000000000025
-2.550000000000012
-2.4599999999999795
0.9400000000000546
2.7800000000000296
-3.240000000000009
-11.389999999999983
2.7800000000000296
-3.240000000000009
0.9400000000000546
-11.100000000000025
-11.100000000000025
-11.100000000000025
-11.100000000000025
-0.6000000000000227
6.379999999999996
6.379999999999996
0.9400000000000546
-0.6000000000000227
-2.1000000000000227
-2.1000000000000227
-2.550000000000012
-2.4599999999999795
-0.6700000000000159
-2.4599999999999795
-0.5399999999999636
-0.7700000000000387
-11.100000000000025
-3.240000000000009
3.009999999999991
3.009999999999991
3.9099999999999686
-3.240000000000009
2.1399999999999864
-11.389999999999983
2.1399999999999864
-2.1000000000000227
0.9400000000000546
-3.240000000000009
3.9099999999999686
-11.100000000000025
8.430000000000009
-3.240000000000009
-3.240000000000009
3.9099999999999686
-11.100000000000025
3.9099999999999686
-0.7700000000000387
3.009999999999991
-4.399999999999976
1.920000000000016
-0.6700000000000159
-11.389999999999983
0.4200000000000159
0.9400000000000546
-2.1000000000000227
2.1399999999999864
-11.100000000000025
-11.100000000000025
1.920000000000016
-2.4599999999999795
-2.680000000000007
0.4200000000000159
2.159999999999968
1.920000000000016
2.159999999999968
2.7800000000000296
8.430000000000009
-2.1000000000000227
-2.680000000000007
0.9400000000000546
-2.4599999999999795
-2.550000000000012
2.159999999999968
-11.100000000000025
-3.240000000000009
7.389999999999987
4.279999999999974
3.9099999999999686
0.9400000000000546
-3.240000000000009
-11.389999999999983
-2.5499999999999545
-11.100000000000025
3.9099999999999686
-0.7700000000000387
3.9099999999999686
-2.550000000000012
-2.4599999999999795
-11.100000000000025
-2.550000000000012
8.430000000000009
-2.4599999999999795
-3.240000000000009
2.7800000000000296
-2.4599999999999795
-3.240000000000009
-2.550000000000012
-2.5499999999999545
-3.240000000000009
2.1399999999999864
-0.5399999999999636
-11.100000000000025
2.159999999999968
-2.680000000000007
-3.240000000000009
-2.4599999999999795
-11.100000000000025
0.9400000000000546
-0.6700000000000159
-2.550000000000012
-2.5499999999999545
-3.240000000000009
-3.240000000000009
-2.5499999999999545
-2.4599999999999795
-4.399999999999976
-3.240000000000009
-2.8600000000000136
0.9400000000000546
-2.5499999999999545
2.1399999999999864
0.9400000000000546
-11.100000000000025
-2.4599999999999795
3.9099999999999686
-11.100000000000025
-2.1000000000000227
-11.389999999999983
0.9400000000000546
-0.6000000000000227
0.9400000000000546
0.9400000000000546
-2.1000000000000227
2.1399999999999864
-2.4599999999999795
-2.5499999999999545
7.389999999999987
3.9099999999999686
-2.680000000000007
0.9400000000000546
6.379999999999996
7.389999999999987
0.9400000000000546
-0.7700000000000387
-4.399999999999976
0.4200000000000159
-0.6700000000000159
-2.8600000000000136
0.4200000000000159
-2.1000000000000227
3.9099999999999686
-4.399999999999976
-2.8600000000000136
-3.240000000000009
-11.100000000000025
-0.5399999999999636
-2.680000000000007
-0.5399999999999636
6.379999999999996
-0.6000000000000227
0.9400000000000546
8.430000000000009
-2.4599999999999795
7.389999999999987
3.9099999999999686
-11.100000000000025
-2.1000000000000227
-0.6000000000000227
2.1399999999999864
-0.6000000000000227
7.389999999999987
0.9400000000000546
-2.4599999999999795
-0.6000000000000227
-3.240000000000009
-3.240000000000009
7.389999999999987
-3.240000000000009
-2.550000000000012
-2.550000000000012
-11.100000000000025
0.4200000000000159
-3.240000000000009
-3.240000000000009
-2.4599999999999795
-2.680000000000007
3.9099999999999686
0.9400000000000546
0.4200000000000159
3.9099999999999686
8.430000000000009
0.9400000000000546
-4.399999999999976
-11.100000000000025
-0.5399999999999636
2.159999999999968
-0.6700000000000159
-2.4599999999999795
0.9400000000000546
-11.100000000000025
-3.240000000000009
-3.240000000000009
0.9400000000000546
2.7800000000000296
3.9099999999999686
-2.4599999999999795
3.009999999999991
-2.4599999999999795
-2.680000000000007
7.389999999999987
3.009999999999991
1.920000000000016
-2.8600000000000136
0.4200000000000159
-2.4599999999999795
-2.1000000000000227
-0.5399999999999636
-2.8600000000000136
-0.5399999999999636
7.389999999999987
3.9099999999999686
-2.8600000000000136
-4.399999999999976
-0.5399999999999636
3.9099999999999686
-3.240000000000009
0.9400000000000546
-11.100000000000025
2.7800000000000296
-11.389999999999983
0.4200000000000159
-0.6700000000000159
-11.100000000000025
-3.240000000000009
-2.680000000000007
-0.5399999999999636
-0.6000000000000227
-4.399999999999976
3.9099999999999686
-0.5399999999999636
0.4200000000000159
0.9400000000000546
-0.7700000000000387
-11.100000000000025
2.7800000000000296
-3.240000000000009
3.9099999999999686
-2.8600000000000136
3.9099999999999686
-2.1000000000000227
-3.240000000000009
-0.5399999999999636
-3.240000000000009
-2.1000000000000227
8.430000000000009
-11.100000000000025
-0.6700000000000159
-0.5399999999999636
-2.5499999999999545
-2.8600000000000136
-2.5499999999999545
0.4200000000000159
0.4200000000000159
2.159999999999968
-0.7700000000000387
2.159999999999968
-0.6700000000000159
-2.4599999999999795
-2.4599999999999795
-11.100000000000025
3.9099999999999686
-2.550000000000012
-2.680000000000007
0.4200000000000159
-2.4599999999999795
1.920000000000016
0.4200000000000159
-0.7700000000000387
-2.5499999999999545
-2.1000000000000227
2.159999999999968
2.159999999999968
-11.389999999999983
3.9099999999999686
0.9400000000000546
1.920000000000016
0.9400000000000546
-3.240000000000009
0.9400000000000546
2.7800000000000296
8.430000000000009
-2.550000000000012
0.9400000000000546
8.430000000000009
3.9099999999999686
-0.7700000000000387
0.9400000000000546
-2.5499999999999545
-0.6700000000000159
7.389999999999987
-11.100000000000025
-2.4599999999999795
3.9099999999999686
0.9400000000000546
3.9099999999999686
4.279999999999974
3.9099999999999686
6.379999999999996
3.009999999999991
3.9099999999999686
-2.1000000000000227
-11.100000000000025
3.9099999999999686
-0.6000000000000227
-4.399999999999976
0.9400000000000546
8.430000000000009
-3.240000000000009
-2.680000000000007
2.159999999999968
3.009999999999991
-2.8600000000000136
-11.100000000000025
-0.7700000000000387
3.9099999999999686
-3.240000000000009
-0.5399999999999636
6.379999999999996
1.920000000000016
3.009999999999991
-11.100000000000025
-3.240000000000009
3.9099999999999686
-2.680000000000007
0.9400000000000546
2.1399999999999864
-0.5399999999999636
-2.4599999999999795
-2.8600000000000136
-4.399999999999976
3.009999999999991
-0.5399999999999636
-2.550000000000012
-2.4599999999999795
-2.1000000000000227
0.9400000000000546
-4.399999999999976
1.920000000000016
2.7800000000000296
2.1399999999999864
0.9400000000000546
2.159999999999968
-2.680000000000007
-11.100000000000025
0.4200000000000159
3.9099999999999686
0.4200000000000159
6.379999999999996
-0.7700000000000387
-11.100000000000025
2.159999999999968
2.1399999999999864
3.009999999999991
1.920000000000016
-2.4599999999999795
-11.389999999999983
-2.1000000000000227
-2.5499999999999545
-4.399999999999976
-2.8600000000000136
0.4200000000000159
-2.4599999999999795
-0.6700000000000159
1.920000000000016
3.9099999999999686
-2.1000000000000227
2.7800000000000296
-3.240000000000009
3.9099999999999686
3.9099999999999686
-2.4599999999999795
-2.550000000000012
-2.5499999999999545
2.159999999999968
-11.100000000000025
0.4200000000000159
3.009999999999991
-11.100000000000025
-2.4599999999999795
-3.240000000000009
-2.4599999999999795
-11.100000000000025
0.9400000000000546
0.9400000000000546
-3.240000000000009
3.9099999999999686
0.9400000000000546
-2.680000000000007
0.4200000000000159
-2.8600000000000136
3.009999999999991
0.4200000000000159
-11.100000000000025
-2.4599999999999795
0.4200000000000159
-4.399999999999976
7.389999999999987
-11.389999999999983
3.009999999999991
2.1399999999999864
-2.8600000000000136
0.4200000000000159
-3.240000000000009
-3.240000000000009
3.9099999999999686
-0.6000000000000227
7.389999999999987
8.430000000000009
0.9400000000000546
3.009999999999991
3.9099999999999686
-11.100000000000025
1.920000000000016
1.920000000000016
0.4200000000000159
-11.100000000000025
-0.5399999999999636
8.430000000000009
-2.4599999999999795
8.430000000000009
-2.4599999999999795
-4.399999999999976
1.920000000000016
-2.4599999999999795
-11.389999999999983
6.379999999999996
-2.680000000000007
4.279999999999974
1.920000000000016
-3.240000000000009
-2.5499999999999545
0.9400000000000546
-11.100000000000025
-2.4599999999999795
-2.4599999999999795
2.7800000000000296
0.4200000000000159
2.7800000000000296
-0.6700000000000159
0.9400000000000546
-2.1000000000000227
-2.1000000000000227
-2.5499999999999545
-11.100000000000025
-11.100000000000025
6.379999999999996
-2.1000000000000227
6.379999999999996
8.430000000000009
-0.5399999999999636
1.920000000000016
-11.389999999999983
-2.4599999999999795
8.430000000000009
2.1399999999999864
-2.680000000000007
-2.550000000000012
-2.550000000000012
-3.240000000000009
2.1399999999999864
-11.100000000000025
7.389999999999987
-2.4599999999999795
0.4200000000000159
-11.100000000000025
-2.5499999999999545
-11.100000000000025
0.9400000000000546
-2.4599999999999795
3.009999999999991
2.1399999999999864
8.430000000000009
2.159999999999968
7.389999999999987
-2.4599999999999795
6.379999999999996
-3.240000000000009
-2.4599999999999795
-11.100000000000025
2.1399999999999864
-0.6700000000000159
7.389999999999987
3.009999999999991
-3.240000000000009
-2.1000000000000227
-0.6000000000000227
2.159999999999968
7.389999999999987
-11.100000000000025
-11.100000000000025
3.9099999999999686
-2.550000000000012
-2.4599999999999795
8.430000000000009
-2.550000000000012
8.430000000000009
3.9099999999999686
0.9400000000000546
0.4200000000000159
-2.4599999999999795
-3.240000000000009
-2.4599999999999795
-2.5499999999999545
6.379999999999996
0.9400000000000546
-3.240000000000009
0.4200000000000159
2.1399999999999864
0.9400000000000546
3.9099999999999686
-2.4599999999999795
-2.8600000000000136
4.279999999999974
-4.399999999999976
-2.550000000000012
8.430000000000009
8.430000000000009
-3.240000000000009
-11.389999999999983
-2.1000000000000227
-2.4599999999999795
6.379999999999996
0.9400000000000546
-0.7700000000000387
2.7800000000000296
0.4200000000000159
-3.240000000000009
-2.5499999999999545
-2.5499999999999545
2.1399999999999864
-0.5399999999999636
-2.4599999999999795
-2.4599999999999795
-11.100000000000025
-4.399999999999976
-11.100000000000025
2.1399999999999864
-4.399999999999976
8.430000000000009
-11.389999999999983
2.159999999999968
-2.550000000000012
0.4200000000000159
7.389999999999987
-0.6700000000000159
7.389999999999987
-0.6700000000000159
-3.240000000000009
-2.4599999999999795
-0.7700000000000387
-11.100000000000025
0.9400000000000546
-3.240000000000009
8.430000000000009
3.9099999999999686
-11.389999999999983
-2.4599999999999795
3.9099999999999686
-11.389999999999983
-11.389999999999983
3.009999999999991
-11.100000000000025
-2.4599999999999795
3.9099999999999686
1.920000000000016
-2.550000000000012
-2.8600000000000136
2.159999999999968
0.4200000000000159
2.7800000000000296
3.9099999999999686
-11.100000000000025
-0.6000000000000227
-2.550000000000012
3.9099999999999686
-11.100000000000025
-0.7700000000000387
2.1399999999999864
-2.8600000000000136
0.9400000000000546
-2.4599999999999795
0.4200000000000159
3.9099999999999686
0.9400000000000546
0.9400000000000546
0.9400000000000546
-2.4599999999999795
0.9400000000000546
2.7800000000000296
-4.399999999999976
2.7800000000000296
-0.6000000000000227
2.7800000000000296
-2.680000000000007
0.4200000000000159
3.009999999999991
3.009999999999991
-0.7700000000000387
0.4200000000000159
0.4200000000000159
-11.100000000000025
-2.680000000000007
-2.4599999999999795
-2.4599999999999795
3.9099999999999686
0.9400000000000546
-2.8600000000000136
-11.389999999999983
0.9400000000000546
-2.5499999999999545
0.9400000000000546
-0.7700000000000387
7.389999999999987
-3.240000000000009
